#version=1.0.0.20180920_beta
version=1.0.0.20190315_release
RUNNING_MODE=1