#version=1.0.0.20180604_beta
version=1.0.0.20190315_release
RUNNING_MODE=3
